1111111111111111
0000110011001100
1111001100110011
1111111111111111
0000110011001100
1111001100110011
1111111111111111
0000110011001100
1111001100110011
1111111111111111
0000110011001100
1111001100110011
1111111111111111
0000110011001100
1111001100110011
1111111111111111
0000110011001100
1111001100110011
1111111111111111
0000110011001100
1111001100110011
1111111111111111
0000110011001100
1111001100110011
1111111111111111
0000110011001100
1111001100110011
1111111111111111
0000110011001100
1111001100110011
1111111111111111
0000110011001100
1111001100110011
1111111111111111
0000110011001100
1111001100110011
1111111111111111
0000110011001100
1111001100110011
1111111111111111
0000110011001100
1111001100110011
1111111111111111
0000110011001100
1111001100110011
1111111111111111
0000110011001100
1111001100110011
